   4.3278303e+05   6.4806464e+06   3.1836517e+03
   4.3258298e+05   6.4794060e+06   3.2601452e+03
   4.3326648e+05   6.4781983e+06   3.0343133e+03
   4.3369992e+05   6.4767294e+06   3.0191550e+03
   4.3483353e+05   6.4812992e+06   3.3806661e+03
   4.3461681e+05   6.4803689e+06   3.2302392e+03
   4.3453346e+05   6.4795529e+06   3.1042165e+03
   4.3480019e+05   6.4783125e+06   2.8484298e+03
   4.3411669e+05   6.4770232e+06   3.0520407e+03
   4.3483353e+05   6.4765988e+06   3.2510387e+03
   4.3593380e+05   6.4764356e+06   3.1316673e+03
   4.3613385e+05   6.4776434e+06   3.1826599e+03
   4.3593380e+05   6.4786226e+06   2.9233486e+03
   4.3631723e+05   6.4799120e+06   3.2422980e+03
   4.3648394e+05   6.4812176e+06   3.1425689e+03
   4.3708408e+05   6.4810544e+06   3.0522475e+03
   4.3780093e+05   6.4792754e+06   2.8690609e+03
   4.3778426e+05   6.4774149e+06   3.0465977e+03
   4.3893454e+05   6.4760113e+06   2.8281272e+03
   4.3893454e+05   6.4786226e+06   2.7468125e+03
   4.3861779e+05   6.4798140e+06   2.8688007e+03
   4.3710075e+05   6.4783288e+06   3.1813464e+03
   4.3219955e+05   6.4799446e+06   3.4593611e+03
   4.3551703e+05   6.4783778e+06   2.8677390e+03
   4.3496690e+05   6.4765499e+06   3.2481325e+03
